P:V Ratio = 1.07151 (0.0110222) 
Efficiency = 0.058985 (9.12444e-05) 
mu = 0.0456271 (0) 
